00100001
01000001
00100000
01001010
00101000
01001111
00101100
00001100
00101100
00001100
00001100
00101100
00001100
00101100
00001100
00101100
00001100
00101100
00001100
00101100
00001100
00101100
00001100
00101100
00001100
00101100
00000000
00000000
00000000
00000000
00000000
00000000
00000000
00000000
00000000
00000000
00000000
00000000
00000000
00000000
00000000
00000000
00000000
00000000
00000000
00000000
00000000
00000000
00000000
00000000
00000000
00000000
00000000
00000000
00000000
00000000
00000000
00000000
00000000
00000000
00000000
00000000
00000000
00000000
00000000
