00000000
01000001
01000101
00100000
00000001
00100000
00000001
00100000
00000001
00100000
00000001
00100000
00000001
00100000
00000001
00100000
00000001
00100000
00000001
00100000
00000001
00100000
00000001
00100000
00000001
00100000
00000001
00100000
00000001
00100000
00000001
00000000
00000000
00000000
00000000
00000000
00000000
00000000
00000000
00000000
00000000
00000000
00000000
00000000
00000000
00000000
00000000
00000000
00000000
00000000
00000000
00000000
00000000
00000000
00000000
00000000
00000000
00000000
00000000
00000000
00000000
00000000
00000000
00000000